---
image_width: 1280
image_height: 1024
camera_name: narrow_stereo
camera_matrix:
  rows: 3
  cols: 3
  data: [1024.52785, 0., 612.13422,
         0., 1021.68879, 509.85312,
         0., 0., 1.]
distortion_model: plumb_bob
distortion_coefficients:
  rows: 1
  cols: 5
  data: [-0.131209, 0.118400, -0.008334, -0.006159, 0.000000]
rectification_matrix:
  rows: 3
  cols: 3
  data: [1., 0., 0.,
         0., 1., 0.,
         0., 0., 1.]
projection_matrix:
  rows: 3
  cols: 4
  data: [995.78497, 0., 603.19434, 0.,
         0., 995.03223, 501.41185, 0.,
         0., 0., 1., 0.]
